9.932E-01 9.932E-01 9.930E-01 9.926E-01 9.920E-01 9.911E-01 9.900E-01 9.886E-01 9.868E-01 9.847E-01 9.822E-01 9.793E-01 9.758E-01 9.717E-01 9.669E-01 9.613E-01 9.548E-01 9.473E-01 9.387E-01 9.288E-01 9.176E-01 9.049E-01 8.905E-01 8.743E-01 8.564E-01 8.365E-01 8.146E-01 7.908E-01 7.651E-01 7.375E-01 7.081E-01 6.772E-01 6.447E-01 6.108E-01 5.756E-01 5.392E-01 5.017E-01 4.633E-01 4.242E-01 3.848E-01 3.456E-01 3.074E-01 2.706E-01 2.359E-01 2.039E-01 1.748E-01 1.487E-01 1.257E-01 1.057E-01 8.847E-02 
9.932E-01 9.932E-01 9.930E-01 9.926E-01 9.920E-01 9.911E-01 9.900E-01 9.886E-01 9.868E-01 9.848E-01 9.823E-01 9.793E-01 9.759E-01 9.718E-01 9.670E-01 9.615E-01 9.551E-01 9.477E-01 9.393E-01 9.296E-01 9.185E-01 9.060E-01 8.919E-01 8.762E-01 8.586E-01 8.391E-01 8.178E-01 7.944E-01 7.692E-01 7.420E-01 7.131E-01 6.822E-01 6.497E-01 6.156E-01 5.799E-01 5.428E-01 5.043E-01 4.648E-01 4.245E-01 3.840E-01 3.438E-01 3.048E-01 2.675E-01 2.326E-01 2.003E-01 1.713E-01 1.458E-01 1.232E-01 1.035E-01 8.665E-02 
9.930E-01 9.930E-01 9.928E-01 9.924E-01 9.917E-01 9.908E-01 9.897E-01 9.883E-01 9.865E-01 9.844E-01 9.819E-01 9.789E-01 9.753E-01 9.712E-01 9.664E-01 9.609E-01 9.545E-01 9.471E-01 9.386E-01 9.289E-01 9.180E-01 9.056E-01 8.917E-01 8.761E-01 8.588E-01 8.397E-01 8.188E-01 7.959E-01 7.710E-01 7.443E-01 7.155E-01 6.845E-01 6.518E-01 6.168E-01 5.800E-01 5.413E-01 5.009E-01 4.593E-01 4.169E-01 3.746E-01 3.332E-01 2.934E-01 2.555E-01 2.210E-01 1.903E-01 1.624E-01 1.377E-01 1.163E-01 9.771E-02 8.154E-02 
9.926E-01 9.926E-01 9.924E-01 9.919E-01 9.912E-01 9.903E-01 9.891E-01 9.876E-01 9.858E-01 9.836E-01 9.810E-01 9.779E-01 9.742E-01 9.700E-01 9.651E-01 9.594E-01 9.528E-01 9.453E-01 9.367E-01 9.270E-01 9.160E-01 9.036E-01 8.897E-01 8.743E-01 8.572E-01 8.384E-01 8.177E-01 7.951E-01 7.705E-01 7.438E-01 7.151E-01 6.837E-01 6.500E-01 6.140E-01 5.750E-01 5.339E-01 4.908E-01 4.464E-01 4.017E-01 3.573E-01 3.153E-01 2.755E-01 2.389E-01 2.057E-01 1.761E-01 1.495E-01 1.271E-01 1.073E-01 9.020E-02 7.529E-02 
9.920E-01 9.920E-01 9.917E-01 9.912E-01 9.905E-01 9.895E-01 9.882E-01 9.867E-01 9.847E-01 9.824E-01 9.796E-01 9.763E-01 9.725E-01 9.681E-01 9.629E-01 9.570E-01 9.502E-01 9.425E-01 9.337E-01 9.238E-01 9.126E-01 9.001E-01 8.862E-01 8.708E-01 8.538E-01 8.350E-01 8.145E-01 7.922E-01 7.677E-01 7.409E-01 7.113E-01 6.792E-01 6.443E-01 6.057E-01 5.642E-01 5.200E-01 4.738E-01 4.267E-01 3.799E-01 3.349E-01 2.922E-01 2.532E-01 2.187E-01 1.876E-01 1.602E-01 1.357E-01 1.155E-01 9.754E-02 8.211E-02 6.863E-02 
9.911E-01 9.911E-01 9.908E-01 9.903E-01 9.895E-01 9.884E-01 9.871E-01 9.853E-01 9.832E-01 9.807E-01 9.777E-01 9.742E-01 9.702E-01 9.654E-01 9.600E-01 9.538E-01 9.467E-01 9.386E-01 9.295E-01 9.193E-01 9.079E-01 8.952E-01 8.811E-01 8.656E-01 8.486E-01 8.298E-01 8.092E-01 7.867E-01 7.618E-01 7.344E-01 7.040E-01 6.706E-01 6.328E-01 5.916E-01 5.468E-01 4.993E-01 4.505E-01 4.012E-01 3.533E-01 3.084E-01 2.672E-01 2.301E-01 1.974E-01 1.687E-01 1.438E-01 1.223E-01 1.037E-01 8.768E-02 7.393E-02 6.197E-02 
9.900E-01 9.900E-01 9.897E-01 9.891E-01 9.882E-01 9.871E-01 9.855E-01 9.836E-01 9.813E-01 9.786E-01 9.754E-01 9.716E-01 9.672E-01 9.621E-01 9.563E-01 9.497E-01 9.422E-01 9.337E-01 9.242E-01 9.136E-01 9.018E-01 8.889E-01 8.745E-01 8.588E-01 8.415E-01 8.227E-01 8.018E-01 7.788E-01 7.531E-01 7.244E-01 6.923E-01 6.561E-01 6.161E-01 5.714E-01 5.226E-01 4.720E-01 4.209E-01 3.712E-01 3.235E-01 2.800E-01 2.408E-01 2.062E-01 1.762E-01 1.502E-01 1.275E-01 1.087E-01 9.218E-02 7.806E-02 6.597E-02 5.567E-02 
9.886E-01 9.886E-01 9.883E-01 9.876E-01 9.867E-01 9.853E-01 9.836E-01 9.815E-01 9.790E-01 9.760E-01 9.724E-01 9.683E-01 9.635E-01 9.580E-01 9.518E-01 9.447E-01 9.367E-01 9.277E-01 9.178E-01 9.067E-01 8.946E-01 8.812E-01 8.665E-01 8.504E-01 8.328E-01 8.134E-01 7.919E-01 7.679E-01 7.408E-01 7.105E-01 6.758E-01 6.359E-01 5.917E-01 5.433E-01 4.926E-01 4.395E-01 3.877E-01 3.382E-01 2.924E-01 2.514E-01 2.148E-01 1.830E-01 1.558E-01 1.322E-01 1.124E-01 9.570E-02 8.126E-02 6.895E-02 5.845E-02 4.953E-02 
9.868E-01 9.868E-01 9.865E-01 9.858E-01 9.847E-01 9.832E-01 9.813E-01 9.790E-01 9.762E-01 9.728E-01 9.689E-01 9.644E-01 9.591E-01 9.532E-01 9.464E-01 9.388E-01 9.302E-01 9.208E-01 9.103E-01 8.987E-01 8.860E-01 8.722E-01 8.570E-01 8.404E-01 8.221E-01 8.019E-01 7.793E-01 7.537E-01 7.245E-01 6.909E-01 6.526E-01 6.097E-01 5.612E-01 5.103E-01 4.565E-01 4.041E-01 3.524E-01 3.048E-01 2.616E-01 2.236E-01 1.898E-01 1.611E-01 1.367E-01 1.160E-01 9.823E-02 8.372E-02 7.118E-02 6.055E-02 5.153E-02 4.402E-02 
9.847E-01 9.848E-01 9.844E-01 9.836E-01 9.824E-01 9.807E-01 9.786E-01 9.760E-01 9.728E-01 9.691E-01 9.648E-01 9.598E-01 9.540E-01 9.475E-01 9.402E-01 9.320E-01 9.229E-01 9.128E-01 9.017E-01 8.896E-01 8.763E-01 8.619E-01 8.461E-01 8.287E-01 8.094E-01 7.879E-01 7.635E-01 7.355E-01 7.032E-01 6.659E-01 6.234E-01 5.760E-01 5.248E-01 4.714E-01 4.178E-01 3.664E-01 3.168E-01 2.726E-01 2.320E-01 1.969E-01 1.667E-01 1.412E-01 1.193E-01 1.011E-01 8.577E-02 7.289E-02 6.211E-02 5.300E-02 4.533E-02 3.885E-02 
9.822E-01 9.823E-01 9.819E-01 9.810E-01 9.796E-01 9.777E-01 9.754E-01 9.724E-01 9.689E-01 9.648E-01 9.600E-01 9.544E-01 9.481E-01 9.410E-01 9.331E-01 9.243E-01 9.145E-01 9.038E-01 8.921E-01 8.793E-01 8.654E-01 8.502E-01 8.335E-01 8.150E-01 7.943E-01 7.709E-01 7.440E-01 7.126E-01 6.763E-01 6.351E-01 5.880E-01 5.372E-01 4.840E-01 4.303E-01 3.784E-01 3.280E-01 2.828E-01 2.408E-01 2.044E-01 1.732E-01 1.457E-01 1.229E-01 1.037E-01 8.777E-02 7.446E-02 6.336E-02 5.411E-02 4.637E-02 3.987E-02 3.442E-02 
9.793E-01 9.793E-01 9.789E-01 9.779E-01 9.763E-01 9.742E-01 9.716E-01 9.683E-01 9.644E-01 9.598E-01 9.544E-01 9.483E-01 9.414E-01 9.337E-01 9.251E-01 9.156E-01 9.052E-01 8.938E-01 8.814E-01 8.678E-01 8.531E-01 8.370E-01 8.191E-01 7.991E-01 7.763E-01 7.501E-01 7.199E-01 6.845E-01 6.434E-01 5.979E-01 5.477E-01 4.950E-01 4.409E-01 3.889E-01 3.388E-01 2.916E-01 2.501E-01 2.125E-01 1.791E-01 1.509E-01 1.269E-01 1.068E-01 9.004E-02 7.612E-02 6.461E-02 5.508E-02 4.719E-02 4.063E-02 3.464E-02 3.095E-02 
9.758E-01 9.759E-01 9.753E-01 9.742E-01 9.725E-01 9.702E-01 9.672E-01 9.635E-01 9.591E-01 9.540E-01 9.481E-01 9.414E-01 9.339E-01 9.255E-01 9.162E-01 9.060E-01 8.949E-01 8.827E-01 8.696E-01 8.552E-01 8.394E-01 8.221E-01 8.025E-01 7.803E-01 7.547E-01 7.250E-01 6.902E-01 6.501E-01 6.051E-01 5.551E-01 5.028E-01 4.495E-01 3.971E-01 3.469E-01 3.001E-01 2.581E-01 2.192E-01 1.855E-01 1.563E-01 1.314E-01 1.103E-01 9.265E-02 7.811E-02 6.606E-02 5.615E-02 4.800E-02 4.129E-02 3.575E-02 3.049E-02 2.734E-02 
9.717E-01 9.718E-01 9.712E-01 9.700E-01 9.681E-01 9.654E-01 9.621E-01 9.580E-01 9.532E-01 9.475E-01 9.410E-01 9.337E-01 9.255E-01 9.164E-01 9.064E-01 8.955E-01 8.836E-01 8.707E-01 8.566E-01 8.411E-01 8.241E-01 8.049E-01 7.833E-01 7.581E-01 7.288E-01 6.946E-01 6.550E-01 6.102E-01 5.616E-01 5.093E-01 4.569E-01 4.048E-01 3.543E-01 3.075E-01 2.646E-01 2.259E-01 1.917E-01 1.618E-01 1.361E-01 1.142E-01 9.587E-02 8.024E-02 6.785E-02 5.728E-02 4.897E-02 4.202E-02 3.544E-02 3.170E-02 2.798E-02 2.460E-02 
9.669E-01 9.670E-01 9.664E-01 9.651E-01 9.629E-01 9.600E-01 9.563E-01 9.518E-01 9.464E-01 9.402E-01 9.331E-01 9.251E-01 9.162E-01 9.064E-01 8.957E-01 8.840E-01 8.713E-01 8.574E-01 8.423E-01 8.254E-01 8.066E-01 7.852E-01 7.605E-01 7.318E-01 6.978E-01 6.587E-01 6.144E-01 5.657E-01 5.142E-01 4.618E-01 4.105E-01 3.602E-01 3.136E-01 2.707E-01 2.319E-01 1.974E-01 1.671E-01 1.407E-01 1.182E-01 9.916E-02 8.321E-02 6.998E-02 5.909E-02 4.936E-02 4.291E-02 3.598E-02 3.217E-02 2.823E-02 2.505E-02 2.233E-02 
9.613E-01 9.615E-01 9.609E-01 9.594E-01 9.570E-01 9.538E-01 9.497E-01 9.447E-01 9.388E-01 9.320E-01 9.243E-01 9.156E-01 9.060E-01 8.955E-01 8.840E-01 8.715E-01 8.578E-01 8.428E-01 8.263E-01 8.077E-01 7.866E-01 7.621E-01 7.336E-01 7.001E-01 6.616E-01 6.174E-01 5.691E-01 5.184E-01 4.659E-01 4.144E-01 3.650E-01 3.186E-01 2.758E-01 2.371E-01 2.025E-01 1.719E-01 1.452E-01 1.223E-01 1.027E-01 8.582E-02 7.237E-02 6.050E-02 5.165E-02 4.403E-02 3.727E-02 3.281E-02 2.873E-02 2.540E-02 2.269E-02 2.045E-02 
9.548E-01 9.551E-01 9.545E-01 9.528E-01 9.502E-01 9.467E-01 9.422E-01 9.367E-01 9.303E-01 9.229E-01 9.145E-01 9.052E-01 8.949E-01 8.836E-01 8.713E-01 8.578E-01 8.430E-01 8.267E-01 8.084E-01 7.874E-01 7.633E-01 7.350E-01 7.017E-01 6.635E-01 6.195E-01 5.719E-01 5.208E-01 4.694E-01 4.178E-01 3.686E-01 3.231E-01 2.799E-01 2.413E-01 2.068E-01 1.765E-01 1.495E-01 1.261E-01 1.061E-01 8.915E-02 7.432E-02 6.309E-02 5.334E-02 4.456E-02 3.886E-02 3.359E-02 2.933E-02 2.587E-02 2.260E-02 2.078E-02 1.891E-02 
9.473E-01 9.477E-01 9.471E-01 9.453E-01 9.425E-01 9.386E-01 9.337E-01 9.277E-01 9.208E-01 9.128E-01 9.038E-01 8.938E-01 8.828E-01 8.707E-01 8.574E-01 8.429E-01 8.267E-01 8.085E-01 7.878E-01 7.639E-01 7.357E-01 7.027E-01 6.645E-01 6.213E-01 5.736E-01 5.227E-01 4.712E-01 4.203E-01 3.714E-01 3.255E-01 2.838E-01 2.453E-01 2.108E-01 1.797E-01 1.531E-01 1.295E-01 1.093E-01 9.207E-02 7.750E-02 6.529E-02 5.517E-02 4.685E-02 4.005E-02 3.348E-02 3.005E-02 2.643E-02 2.351E-02 2.114E-02 1.870E-02 1.625E-02 
9.387E-01 9.393E-01 9.386E-01 9.367E-01 9.337E-01 9.295E-01 9.242E-01 9.178E-01 9.103E-01 9.017E-01 8.921E-01 8.814E-01 8.696E-01 8.566E-01 8.422E-01 8.263E-01 8.083E-01 7.878E-01 7.640E-01 7.362E-01 7.033E-01 6.652E-01 6.223E-01 5.745E-01 5.241E-01 4.728E-01 4.221E-01 3.740E-01 3.283E-01 2.857E-01 2.480E-01 2.131E-01 1.827E-01 1.559E-01 1.325E-01 1.122E-01 9.479E-02 7.997E-02 6.749E-02 5.706E-02 4.714E-02 4.135E-02 3.557E-02 3.088E-02 2.586E-02 2.233E-02 2.156E-02 1.956E-02 1.794E-02 1.606E-02 
9.288E-01 9.296E-01 9.290E-01 9.270E-01 9.238E-01 9.193E-01 9.136E-01 9.067E-01 8.987E-01 8.896E-01 8.793E-01 8.679E-01 8.552E-01 8.411E-01 8.254E-01 8.077E-01 7.874E-01 7.638E-01 7.361E-01 7.037E-01 6.656E-01 6.228E-01 5.755E-01 5.250E-01 4.739E-01 4.239E-01 3.755E-01 3.294E-01 2.875E-01 2.500E-01 2.153E-01 1.853E-01 1.584E-01 1.348E-01 1.147E-01 9.721E-02 8.226E-02 6.957E-02 5.773E-02 5.004E-02 4.270E-02 3.669E-02 3.179E-02 2.782E-02 2.461E-02 2.203E-02 1.868E-02 1.644E-02 1.689E-02 1.578E-02 
9.176E-01 9.185E-01 9.180E-01 9.160E-01 9.126E-01 9.079E-01 9.018E-01 8.946E-01 8.860E-01 8.763E-01 8.654E-01 8.531E-01 8.394E-01 8.241E-01 8.067E-01 7.866E-01 7.632E-01 7.357E-01 7.035E-01 6.656E-01 6.230E-01 5.755E-01 5.256E-01 4.746E-01 4.242E-01 3.759E-01 3.312E-01 2.889E-01 2.510E-01 2.170E-01 1.868E-01 1.603E-01 1.370E-01 1.168E-01 9.864E-02 8.427E-02 7.044E-02 6.067E-02 5.160E-02 4.406E-02 3.785E-02 3.276E-02 2.861E-02 2.334E-02 2.254E-02 2.036E-02 1.860E-02 1.718E-02 1.603E-02 1.326E-02 
9.049E-01 9.060E-01 9.056E-01 9.036E-01 9.001E-01 8.952E-01 8.889E-01 8.812E-01 8.722E-01 8.619E-01 8.502E-01 8.370E-01 8.220E-01 8.050E-01 7.852E-01 7.621E-01 7.350E-01 7.029E-01 6.653E-01 6.225E-01 5.759E-01 5.261E-01 4.749E-01 4.247E-01 3.766E-01 3.314E-01 2.898E-01 2.520E-01 2.182E-01 1.882E-01 1.617E-01 1.386E-01 1.184E-01 1.010E-01 8.599E-02 7.316E-02 6.097E-02 5.307E-02 4.377E-02 3.899E-02 3.373E-02 2.943E-02 2.593E-02 2.129E-02 2.081E-02 1.725E-02 1.748E-02 1.628E-02 1.531E-02 1.452E-02 
8.905E-01 8.919E-01 8.917E-01 8.898E-01 8.862E-01 8.811E-01 8.745E-01 8.665E-01 8.570E-01 8.461E-01 8.335E-01 8.191E-01 8.026E-01 7.832E-01 7.605E-01 7.336E-01 7.019E-01 6.645E-01 6.223E-01 5.755E-01 5.256E-01 4.749E-01 4.254E-01 3.769E-01 3.318E-01 2.909E-01 2.528E-01 2.191E-01 1.894E-01 1.628E-01 1.396E-01 1.197E-01 1.024E-01 8.653E-02 7.458E-02 6.365E-02 5.439E-02 4.659E-02 3.834E-02 3.469E-02 3.025E-02 2.457E-02 2.367E-02 2.128E-02 1.935E-02 1.780E-02 1.439E-02 1.554E-02 1.472E-02 1.406E-02 
8.743E-01 8.762E-01 8.761E-01 8.743E-01 8.708E-01 8.656E-01 8.588E-01 8.504E-01 8.404E-01 8.287E-01 8.151E-01 7.991E-01 7.804E-01 7.581E-01 7.316E-01 7.003E-01 6.632E-01 6.210E-01 5.745E-01 5.251E-01 4.746E-01 4.252E-01 3.774E-01 3.320E-01 2.906E-01 2.532E-01 2.196E-01 1.898E-01 1.636E-01 1.407E-01 1.203E-01 1.034E-01 8.852E-02 7.573E-02 6.481E-02 5.399E-02 4.601E-02 4.109E-02 3.560E-02 3.105E-02 2.731E-02 2.425E-02 2.177E-02 1.975E-02 1.813E-02 1.458E-02 1.577E-02 1.492E-02 1.423E-02 1.367E-02 
8.564E-01 8.586E-01 8.589E-01 8.572E-01 8.538E-01 8.486E-01 8.416E-01 8.328E-01 8.222E-01 8.095E-01 7.944E-01 7.764E-01 7.548E-01 7.289E-01 6.979E-01 6.614E-01 6.196E-01 5.733E-01 5.242E-01 4.739E-01 4.243E-01 3.766E-01 3.318E-01 2.906E-01 2.533E-01 2.202E-01 1.902E-01 1.641E-01 1.412E-01 1.214E-01 1.042E-01 8.936E-02 7.551E-02 6.575E-02 5.648E-02 4.862E-02 4.199E-02 3.643E-02 3.180E-02 2.797E-02 2.482E-02 2.225E-02 2.016E-02 1.617E-02 1.710E-02 1.600E-02 1.512E-02 1.440E-02 1.382E-02 1.336E-02 
8.365E-01 8.391E-01 8.398E-01 8.384E-01 8.350E-01 8.298E-01 8.227E-01 8.134E-01 8.019E-01 7.880E-01 7.709E-01 7.502E-01 7.251E-01 6.948E-01 6.590E-01 6.174E-01 5.719E-01 5.228E-01 4.733E-01 4.234E-01 3.760E-01 3.314E-01 2.904E-01 2.532E-01 2.199E-01 1.903E-01 1.643E-01 1.416E-01 1.218E-01 1.047E-01 8.997E-02 7.731E-02 6.508E-02 5.724E-02 4.939E-02 4.275E-02 3.716E-02 3.248E-02 2.858E-02 2.536E-02 2.045E-02 1.832E-02 1.647E-02 1.515E-02 1.624E-02 1.531E-02 1.244E-02 1.397E-02 1.348E-02 1.120E-02 
8.146E-01 8.178E-01 8.188E-01 8.178E-01 8.146E-01 8.093E-01 8.018E-01 7.920E-01 7.794E-01 7.636E-01 7.440E-01 7.198E-01 6.903E-01 6.552E-01 6.145E-01 5.695E-01 5.208E-01 4.717E-01 4.222E-01 3.750E-01 3.307E-01 2.898E-01 2.528E-01 2.200E-01 1.902E-01 1.643E-01 1.417E-01 1.220E-01 1.050E-01 9.036E-02 7.777E-02 6.700E-02 5.627E-02 4.999E-02 4.152E-02 3.777E-02 3.307E-02 2.913E-02 2.586E-02 2.316E-02 1.861E-02 1.913E-02 1.766E-02 1.417E-02 1.551E-02 1.473E-02 1.411E-02 1.361E-02 1.320E-02 1.287E-02 
7.908E-01 7.945E-01 7.959E-01 7.952E-01 7.921E-01 7.868E-01 7.787E-01 7.680E-01 7.538E-01 7.356E-01 7.128E-01 6.844E-01 6.502E-01 6.104E-01 5.659E-01 5.181E-01 4.695E-01 4.209E-01 3.736E-01 3.295E-01 2.889E-01 2.521E-01 2.191E-01 1.899E-01 1.641E-01 1.416E-01 1.216E-01 1.051E-01 8.963E-02 7.804E-02 6.734E-02 5.821E-02 5.044E-02 4.384E-02 3.628E-02 3.356E-02 2.961E-02 2.631E-02 2.357E-02 1.898E-02 1.706E-02 1.793E-02 1.670E-02 1.570E-02 1.490E-02 1.425E-02 1.372E-02 1.087E-02 1.078E-02 1.268E-02 
7.651E-01 7.692E-01 7.710E-01 7.706E-01 7.677E-01 7.619E-01 7.533E-01 7.409E-01 7.247E-01 7.034E-01 6.766E-01 6.437E-01 6.052E-01 5.614E-01 5.145E-01 4.661E-01 4.180E-01 3.716E-01 3.279E-01 2.876E-01 2.511E-01 2.183E-01 1.892E-01 1.637E-01 1.413E-01 1.218E-01 1.050E-01 8.964E-02 7.692E-02 6.751E-02 5.844E-02 4.897E-02 4.232E-02 3.863E-02 3.394E-02 2.781E-02 2.444E-02 2.392E-02 1.927E-02 1.736E-02 1.818E-02 1.446E-02 1.347E-02 1.257E-02 1.438E-02 1.135E-02 1.340E-02 1.304E-02 1.276E-02 1.253E-02 
7.375E-01 7.421E-01 7.442E-01 7.438E-01 7.407E-01 7.346E-01 7.246E-01 7.105E-01 6.913E-01 6.663E-01 6.350E-01 5.979E-01 5.554E-01 5.096E-01 4.624E-01 4.147E-01 3.689E-01 3.257E-01 2.858E-01 2.496E-01 2.175E-01 1.883E-01 1.629E-01 1.405E-01 1.210E-01 1.047E-01 8.938E-02 7.690E-02 6.751E-02 5.692E-02 5.087E-02 4.438E-02 3.887E-02 3.210E-02 3.029E-02 2.699E-02 2.422E-02 2.191E-02 1.999E-02 1.841E-02 1.711E-02 1.606E-02 1.520E-02 1.450E-02 1.143E-02 1.349E-02 1.073E-02 1.283E-02 1.259E-02 1.013E-02 
7.081E-01 7.130E-01 7.155E-01 7.150E-01 7.116E-01 7.043E-01 6.927E-01 6.758E-01 6.531E-01 6.239E-01 5.886E-01 5.477E-01 5.035E-01 4.572E-01 4.108E-01 3.653E-01 3.228E-01 2.834E-01 2.476E-01 2.159E-01 1.871E-01 1.619E-01 1.396E-01 1.208E-01 1.042E-01 9.000E-02 7.779E-02 6.599E-02 5.684E-02 4.916E-02 4.254E-02 3.701E-02 3.438E-02 2.829E-02 2.495E-02 2.445E-02 2.214E-02 1.780E-02 1.861E-02 1.730E-02 1.622E-02 1.534E-02 1.462E-02 1.156E-02 1.357E-02 1.319E-02 1.289E-02 1.012E-02 1.244E-02 1.228E-02 
6.772E-01 6.823E-01 6.847E-01 6.840E-01 6.795E-01 6.707E-01 6.566E-01 6.363E-01 6.098E-01 5.767E-01 5.379E-01 4.953E-01 4.501E-01 4.052E-01 3.608E-01 3.190E-01 2.803E-01 2.451E-01 2.134E-01 1.852E-01 1.604E-01 1.387E-01 1.198E-01 1.035E-01 8.942E-02 7.734E-02 6.702E-02 5.822E-02 5.074E-02 4.438E-02 3.701E-02 3.444E-02 3.059E-02 2.734E-02 2.460E-02 2.230E-02 2.038E-02 1.633E-02 1.745E-02 1.636E-02 1.546E-02 1.473E-02 1.162E-02 1.111E-02 1.326E-02 1.046E-02 1.269E-02 1.249E-02 1.232E-02 9.808E-03 
6.447E-01 6.498E-01 6.518E-01 6.504E-01 6.445E-01 6.334E-01 6.163E-01 5.926E-01 5.621E-01 5.257E-01 4.850E-01 4.417E-01 3.982E-01 3.550E-01 3.147E-01 2.764E-01 2.418E-01 2.107E-01 1.830E-01 1.586E-01 1.372E-01 1.180E-01 1.025E-01 8.860E-02 7.669E-02 6.651E-02 5.628E-02 4.869E-02 4.419E-02 3.888E-02 3.439E-02 3.059E-02 2.738E-02 2.234E-02 2.241E-02 2.050E-02 1.890E-02 1.757E-02 1.647E-02 1.304E-02 1.482E-02 1.421E-02 1.117E-02 1.332E-02 1.300E-02 1.023E-02 9.969E-03 1.236E-02 9.675E-03 1.211E-02 
6.108E-01 6.157E-01 6.171E-01 6.142E-01 6.063E-01 5.925E-01 5.719E-01 5.445E-01 5.110E-01 4.727E-01 4.317E-01 3.894E-01 3.480E-01 3.087E-01 2.715E-01 2.378E-01 2.073E-01 1.803E-01 1.562E-01 1.353E-01 1.164E-01 1.004E-01 8.752E-02 7.582E-02 6.581E-02 5.567E-02 5.002E-02 4.386E-02 3.864E-02 3.423E-02 3.049E-02 2.734E-02 2.236E-02 2.006E-02 2.056E-02 1.898E-02 1.766E-02 1.656E-02 1.565E-02 1.490E-02 1.428E-02 1.122E-02 1.083E-02 1.304E-02 1.024E-02 1.256E-02 9.818E-03 1.225E-02 1.214E-02 9.583E-03 
5.756E-01 5.800E-01 5.803E-01 5.756E-01 5.651E-01 5.480E-01 5.240E-01 4.936E-01 4.581E-01 4.194E-01 3.794E-01 3.396E-01 3.017E-01 2.657E-01 2.329E-01 2.033E-01 1.768E-01 1.534E-01 1.329E-01 1.150E-01 9.952E-02 8.617E-02 7.346E-02 6.490E-02 5.654E-02 4.943E-02 4.154E-02 3.829E-02 3.396E-02 3.030E-02 2.721E-02 2.227E-02 2.241E-02 1.814E-02 1.901E-02 1.770E-02 1.661E-02 1.571E-02 1.496E-02 1.434E-02 1.383E-02 1.342E-02 1.052E-02 1.025E-02 1.259E-02 1.241E-02 1.227E-02 9.578E-03 1.206E-02 1.199E-02 
5.392E-01 5.430E-01 5.416E-01 5.346E-01 5.210E-01 5.008E-01 4.738E-01 4.416E-01 4.056E-01 3.679E-01 3.300E-01 2.935E-01 2.590E-01 2.273E-01 1.986E-01 1.729E-01 1.501E-01 1.301E-01 1.127E-01 9.756E-02 8.453E-02 7.335E-02 6.378E-02 5.562E-02 4.869E-02 4.280E-02 3.781E-02 3.358E-02 3.001E-02 2.700E-02 2.445E-02 2.231E-02 2.050E-02 1.653E-02 1.770E-02 1.663E-02 1.574E-02 1.500E-02 1.438E-02 1.387E-02 1.088E-02 1.312E-02 1.027E-02 1.262E-02 9.868E-03 1.229E-02 1.217E-02 1.208E-02 1.200E-02 1.194E-02 
5.017E-01 5.045E-01 5.014E-01 4.918E-01 4.753E-01 4.522E-01 4.233E-01 3.903E-01 3.551E-01 3.194E-01 2.846E-01 2.516E-01 2.211E-01 1.933E-01 1.684E-01 1.463E-01 1.265E-01 1.100E-01 9.442E-02 8.263E-02 7.176E-02 6.246E-02 5.453E-02 4.607E-02 4.206E-02 3.519E-02 3.310E-02 2.963E-02 2.445E-02 2.423E-02 2.214E-02 1.796E-02 1.891E-02 1.766E-02 1.662E-02 1.574E-02 1.246E-02 1.184E-02 1.389E-02 1.348E-02 1.314E-02 1.286E-02 1.264E-02 1.245E-02 1.231E-02 1.219E-02 1.209E-02 1.201E-02 1.195E-02 1.190E-02 
4.633E-01 4.649E-01 4.598E-01 4.478E-01 4.287E-01 4.035E-01 3.738E-01 3.414E-01 3.080E-01 2.751E-01 2.437E-01 2.143E-01 1.876E-01 1.636E-01 1.423E-01 1.235E-01 1.070E-01 9.279E-02 7.941E-02 6.997E-02 6.096E-02 5.172E-02 4.674E-02 4.120E-02 3.650E-02 3.253E-02 2.917E-02 2.633E-02 2.394E-02 1.956E-02 2.022E-02 1.634E-02 1.758E-02 1.405E-02 1.571E-02 1.245E-02 1.440E-02 1.134E-02 1.092E-02 1.315E-02 1.288E-02 1.265E-02 9.877E-03 1.232E-02 1.220E-02 1.210E-02 1.202E-02 1.196E-02 1.191E-02 1.187E-02 
4.242E-01 4.247E-01 4.176E-01 4.032E-01 3.823E-01 3.564E-01 3.270E-01 2.962E-01 2.653E-01 2.355E-01 2.076E-01 1.819E-01 1.587E-01 1.376E-01 1.199E-01 1.040E-01 8.929E-02 7.826E-02 6.805E-02 5.795E-02 5.028E-02 4.559E-02 4.024E-02 3.571E-02 2.977E-02 2.649E-02 2.590E-02 2.359E-02 2.165E-02 1.761E-02 1.862E-02 1.746E-02 1.648E-02 1.565E-02 1.496E-02 1.438E-02 1.390E-02 1.349E-02 1.316E-02 1.029E-02 1.266E-02 1.247E-02 1.233E-02 1.220E-02 9.513E-03 9.422E-03 1.196E-02 1.191E-02 1.187E-02 1.184E-02 
3.848E-01 3.845E-01 3.755E-01 3.598E-01 3.376E-01 3.118E-01 2.839E-01 2.553E-01 2.273E-01 2.008E-01 1.763E-01 1.540E-01 1.335E-01 1.163E-01 1.009E-01 8.752E-02 7.598E-02 6.609E-02 5.765E-02 4.893E-02 4.261E-02 3.922E-02 3.485E-02 3.116E-02 2.592E-02 2.317E-02 2.320E-02 2.133E-02 1.737E-02 1.843E-02 1.731E-02 1.387E-02 1.557E-02 1.490E-02 1.179E-02 1.387E-02 1.090E-02 1.315E-02 1.288E-02 1.266E-02 1.248E-02 9.727E-03 1.221E-02 1.211E-02 1.203E-02 9.372E-03 9.309E-03 1.188E-02 1.184E-02 9.212E-03 
3.456E-01 3.441E-01 3.341E-01 3.173E-01 2.956E-01 2.712E-01 2.451E-01 2.191E-01 1.941E-01 1.708E-01 1.494E-01 1.302E-01 1.130E-01 9.804E-02 8.501E-02 7.260E-02 6.417E-02 5.599E-02 4.903E-02 4.315E-02 3.817E-02 3.397E-02 2.841E-02 2.743E-02 2.490E-02 2.278E-02 1.867E-02 1.948E-02 1.820E-02 1.713E-02 1.623E-02 1.547E-02 1.483E-02 1.174E-02 1.128E-02 1.346E-02 1.314E-02 1.288E-02 1.266E-02 1.248E-02 1.233E-02 9.609E-03 1.211E-02 9.426E-03 1.197E-02 1.192E-02 9.268E-03 9.251E-03 1.182E-02 1.180E-02 
3.074E-01 3.051E-01 2.945E-01 2.776E-01 2.568E-01 2.340E-01 2.105E-01 1.875E-01 1.655E-01 1.452E-01 1.261E-01 1.095E-01 9.546E-02 8.275E-02 7.179E-02 6.241E-02 5.443E-02 4.608E-02 4.196E-02 3.714E-02 3.308E-02 2.967E-02 2.467E-02 2.437E-02 2.234E-02 2.062E-02 1.918E-02 1.796E-02 1.694E-02 1.361E-02 1.535E-02 1.474E-02 1.168E-02 1.379E-02 1.342E-02 1.312E-02 1.286E-02 1.265E-02 9.879E-03 1.233E-02 1.221E-02 1.212E-02 1.204E-02 9.366E-03 9.310E-03 1.188E-02 1.185E-02 1.182E-02 1.180E-02 9.171E-03 
2.706E-01 2.678E-01 2.571E-01 2.414E-01 2.217E-01 2.014E-01 1.804E-01 1.601E-01 1.410E-01 1.230E-01 1.069E-01 9.321E-02 8.080E-02 7.006E-02 5.975E-02 5.305E-02 4.644E-02 4.087E-02 3.618E-02 3.225E-02 2.696E-02 2.617E-02 2.385E-02 2.189E-02 1.796E-02 1.887E-02 1.771E-02 1.433E-02 1.591E-02 1.522E-02 1.214E-02 1.414E-02 1.119E-02 1.082E-02 1.309E-02 1.027E-02 1.264E-02 1.247E-02 1.233E-02 1.221E-02 9.509E-03 1.204E-02 1.197E-02 1.192E-02 1.188E-02 9.234E-03 1.182E-02 1.180E-02 1.178E-02 1.177E-02 
2.359E-01 2.330E-01 2.226E-01 2.076E-01 1.904E-01 1.725E-01 1.541E-01 1.365E-01 1.200E-01 1.048E-01 9.118E-02 7.842E-02 6.862E-02 5.959E-02 5.190E-02 4.539E-02 3.992E-02 3.533E-02 3.149E-02 2.828E-02 2.559E-02 2.335E-02 1.937E-02 1.989E-02 1.857E-02 1.746E-02 1.652E-02 1.574E-02 1.508E-02 1.452E-02 1.156E-02 1.366E-02 1.333E-02 1.050E-02 1.024E-02 1.262E-02 1.246E-02 1.232E-02 1.221E-02 1.211E-02 1.204E-02 9.365E-03 1.192E-02 1.188E-02 1.185E-02 1.182E-02 9.192E-03 9.177E-03 1.177E-02 1.176E-02 
2.039E-01 2.009E-01 1.916E-01 1.782E-01 1.627E-01 1.470E-01 1.313E-01 1.163E-01 1.021E-01 8.917E-02 7.701E-02 6.736E-02 5.852E-02 5.095E-02 4.454E-02 3.914E-02 3.462E-02 3.084E-02 2.769E-02 2.317E-02 2.288E-02 2.106E-02 1.954E-02 1.611E-02 1.721E-02 1.396E-02 1.557E-02 1.494E-02 1.441E-02 1.396E-02 1.359E-02 1.328E-02 1.301E-02 1.279E-02 1.003E-02 1.244E-02 9.719E-03 9.608E-03 1.211E-02 9.432E-03 1.197E-02 1.192E-02 1.188E-02 1.185E-02 9.209E-03 9.190E-03 1.179E-02 9.155E-03 9.152E-03 1.175E-02 
1.748E-01 1.721E-01 1.632E-01 1.515E-01 1.384E-01 1.250E-01 1.116E-01 9.875E-02 8.686E-02 7.591E-02 6.565E-02 5.687E-02 5.016E-02 4.288E-02 3.851E-02 3.404E-02 3.031E-02 2.572E-02 2.289E-02 2.248E-02 2.070E-02 1.923E-02 1.800E-02 1.697E-02 1.611E-02 1.540E-02 1.480E-02 1.429E-02 1.145E-02 1.103E-02 1.322E-02 1.296E-02 1.275E-02 1.257E-02 1.242E-02 9.725E-03 1.219E-02 1.210E-02 1.203E-02 1.197E-02 1.192E-02 1.188E-02 1.185E-02 1.182E-02 1.180E-02 1.179E-02 1.177E-02 1.176E-02 1.175E-02 1.175E-02 
1.487E-01 1.462E-01 1.384E-01 1.283E-01 1.173E-01 1.060E-01 9.457E-02 8.392E-02 7.385E-02 6.468E-02 5.596E-02 4.937E-02 4.252E-02 3.798E-02 3.357E-02 2.988E-02 2.680E-02 2.425E-02 2.214E-02 2.039E-02 1.895E-02 1.573E-02 1.675E-02 1.592E-02 1.524E-02 1.242E-02 1.418E-02 1.378E-02 1.344E-02 1.315E-02 1.291E-02 1.271E-02 1.254E-02 9.844E-03 1.228E-02 1.218E-02 1.210E-02 1.203E-02 9.369E-03 1.192E-02 1.188E-02 1.185E-02 1.182E-02 9.190E-03 1.179E-02 1.177E-02 1.176E-02 1.175E-02 1.175E-02 1.174E-02 
1.257E-01 1.233E-01 1.169E-01 1.083E-01 9.898E-02 8.948E-02 8.010E-02 7.083E-02 6.277E-02 5.518E-02 4.842E-02 4.190E-02 3.687E-02 3.233E-02 2.951E-02 2.647E-02 2.395E-02 2.186E-02 2.013E-02 1.871E-02 1.753E-02 1.474E-02 1.575E-02 1.295E-02 1.453E-02 1.407E-02 1.142E-02 1.098E-02 1.072E-02 1.040E-02 1.267E-02 1.003E-02 1.238E-02 1.226E-02 1.217E-02 1.209E-02 9.450E-03 9.374E-03 1.192E-02 1.188E-02 9.243E-03 1.182E-02 1.180E-02 1.179E-02 1.177E-02 9.147E-03 1.175E-02 1.175E-02 1.174E-02 1.174E-02 
1.057E-01 1.036E-01 9.818E-02 9.097E-02 8.323E-02 7.534E-02 6.759E-02 6.009E-02 5.293E-02 4.693E-02 4.161E-02 3.679E-02 3.265E-02 2.913E-02 2.616E-02 2.368E-02 2.053E-02 1.871E-02 1.850E-02 1.576E-02 1.479E-02 1.560E-02 1.495E-02 1.441E-02 1.396E-02 1.359E-02 1.107E-02 1.303E-02 1.041E-02 1.263E-02 1.005E-02 9.854E-03 1.224E-02 9.615E-03 9.545E-03 1.201E-02 9.382E-03 1.191E-02 9.295E-03 1.185E-02 1.182E-02 1.180E-02 9.180E-03 1.177E-02 1.176E-02 1.175E-02 1.175E-02 1.174E-02 9.121E-03 1.173E-02 
8.845E-02 8.672E-02 8.209E-02 7.615E-02 6.976E-02 6.327E-02 5.693E-02 5.092E-02 4.536E-02 4.033E-02 3.587E-02 3.198E-02 2.863E-02 2.578E-02 2.338E-02 2.137E-02 1.970E-02 1.832E-02 1.718E-02 1.623E-02 1.546E-02 1.482E-02 1.430E-02 1.387E-02 1.351E-02 1.321E-02 1.296E-02 1.276E-02 1.023E-02 1.004E-02 1.232E-02 1.222E-02 1.213E-02 1.206E-02 1.200E-02 1.195E-02 9.359E-03 1.187E-02 1.184E-02 1.182E-02 1.180E-02 1.178E-02 1.177E-02 1.176E-02 1.175E-02 9.134E-03 9.126E-03 1.174E-02 1.173E-02 1.173E-02 
