9.993E-01 9.993E-01 9.992E-01 9.992E-01 9.991E-01 9.990E-01 9.989E-01 9.987E-01 9.985E-01 9.982E-01 9.979E-01 9.975E-01 9.971E-01 9.966E-01 9.959E-01 9.952E-01 9.943E-01 9.932E-01 9.919E-01 9.904E-01 9.887E-01 9.866E-01 9.842E-01 9.814E-01 9.781E-01 9.742E-01 9.697E-01 9.644E-01 9.584E-01 9.514E-01 9.433E-01 9.341E-01 9.235E-01 9.115E-01 8.979E-01 8.827E-01 8.656E-01 8.467E-01 8.258E-01 8.030E-01 7.782E-01 7.515E-01 7.230E-01 6.929E-01 6.611E-01 6.279E-01 5.934E-01 5.575E-01 5.206E-01 4.826E-01 
9.993E-01 9.993E-01 9.992E-01 9.992E-01 9.991E-01 9.990E-01 9.989E-01 9.987E-01 9.985E-01 9.982E-01 9.979E-01 9.975E-01 9.971E-01 9.965E-01 9.959E-01 9.951E-01 9.942E-01 9.932E-01 9.919E-01 9.904E-01 9.887E-01 9.866E-01 9.842E-01 9.814E-01 9.781E-01 9.743E-01 9.698E-01 9.646E-01 9.587E-01 9.517E-01 9.438E-01 9.347E-01 9.243E-01 9.126E-01 8.993E-01 8.843E-01 8.676E-01 8.491E-01 8.287E-01 8.064E-01 7.821E-01 7.559E-01 7.278E-01 6.978E-01 6.662E-01 6.329E-01 5.980E-01 5.615E-01 5.237E-01 4.847E-01 
9.992E-01 9.992E-01 9.992E-01 9.992E-01 9.991E-01 9.990E-01 9.988E-01 9.987E-01 9.984E-01 9.982E-01 9.978E-01 9.975E-01 9.970E-01 9.964E-01 9.958E-01 9.950E-01 9.941E-01 9.930E-01 9.917E-01 9.902E-01 9.884E-01 9.863E-01 9.838E-01 9.810E-01 9.776E-01 9.738E-01 9.693E-01 9.640E-01 9.580E-01 9.511E-01 9.431E-01 9.341E-01 9.237E-01 9.121E-01 8.989E-01 8.842E-01 8.678E-01 8.496E-01 8.295E-01 8.076E-01 7.837E-01 7.579E-01 7.300E-01 7.003E-01 6.684E-01 6.346E-01 5.986E-01 5.608E-01 5.213E-01 4.802E-01 
9.992E-01 9.992E-01 9.992E-01 9.991E-01 9.990E-01 9.989E-01 9.988E-01 9.986E-01 9.983E-01 9.980E-01 9.977E-01 9.973E-01 9.968E-01 9.962E-01 9.955E-01 9.947E-01 9.937E-01 9.926E-01 9.912E-01 9.896E-01 9.878E-01 9.856E-01 9.830E-01 9.801E-01 9.766E-01 9.726E-01 9.680E-01 9.626E-01 9.565E-01 9.494E-01 9.413E-01 9.322E-01 9.218E-01 9.101E-01 8.970E-01 8.823E-01 8.660E-01 8.481E-01 8.283E-01 8.067E-01 7.832E-01 7.575E-01 7.297E-01 6.996E-01 6.672E-01 6.325E-01 5.947E-01 5.547E-01 5.126E-01 4.688E-01 
9.991E-01 9.991E-01 9.991E-01 9.990E-01 9.989E-01 9.988E-01 9.986E-01 9.984E-01 9.982E-01 9.979E-01 9.975E-01 9.971E-01 9.965E-01 9.959E-01 9.951E-01 9.943E-01 9.932E-01 9.920E-01 9.905E-01 9.888E-01 9.868E-01 9.845E-01 9.818E-01 9.787E-01 9.750E-01 9.708E-01 9.660E-01 9.604E-01 9.540E-01 9.467E-01 9.384E-01 9.290E-01 9.185E-01 9.066E-01 8.934E-01 8.788E-01 8.625E-01 8.447E-01 8.251E-01 8.037E-01 7.801E-01 7.544E-01 7.263E-01 6.956E-01 6.620E-01 6.256E-01 5.853E-01 5.428E-01 4.974E-01 4.505E-01 
9.990E-01 9.990E-01 9.990E-01 9.989E-01 9.988E-01 9.987E-01 9.985E-01 9.983E-01 9.980E-01 9.976E-01 9.972E-01 9.967E-01 9.961E-01 9.954E-01 9.946E-01 9.936E-01 9.925E-01 9.912E-01 9.896E-01 9.877E-01 9.856E-01 9.831E-01 9.802E-01 9.768E-01 9.729E-01 9.684E-01 9.632E-01 9.574E-01 9.506E-01 9.430E-01 9.344E-01 9.247E-01 9.139E-01 9.018E-01 8.884E-01 8.736E-01 8.573E-01 8.394E-01 8.198E-01 7.983E-01 7.746E-01 7.487E-01 7.199E-01 6.879E-01 6.520E-01 6.127E-01 5.701E-01 5.238E-01 4.748E-01 4.255E-01 
9.989E-01 9.989E-01 9.988E-01 9.988E-01 9.986E-01 9.985E-01 9.983E-01 9.980E-01 9.977E-01 9.973E-01 9.969E-01 9.963E-01 9.956E-01 9.949E-01 9.940E-01 9.929E-01 9.916E-01 9.901E-01 9.884E-01 9.863E-01 9.840E-01 9.812E-01 9.780E-01 9.744E-01 9.701E-01 9.653E-01 9.598E-01 9.535E-01 9.464E-01 9.383E-01 9.293E-01 9.192E-01 9.080E-01 8.956E-01 8.820E-01 8.669E-01 8.505E-01 8.323E-01 8.125E-01 7.906E-01 7.663E-01 7.392E-01 7.092E-01 6.747E-01 6.368E-01 5.943E-01 5.471E-01 4.975E-01 4.464E-01 3.960E-01 
9.987E-01 9.987E-01 9.987E-01 9.986E-01 9.984E-01 9.983E-01 9.980E-01 9.977E-01 9.974E-01 9.969E-01 9.964E-01 9.958E-01 9.950E-01 9.942E-01 9.931E-01 9.919E-01 9.905E-01 9.888E-01 9.869E-01 9.846E-01 9.820E-01 9.789E-01 9.754E-01 9.714E-01 9.668E-01 9.615E-01 9.556E-01 9.488E-01 9.412E-01 9.327E-01 9.232E-01 9.126E-01 9.010E-01 8.882E-01 8.741E-01 8.587E-01 8.419E-01 8.234E-01 8.029E-01 7.802E-01 7.550E-01 7.261E-01 6.934E-01 6.567E-01 6.144E-01 5.680E-01 5.180E-01 4.658E-01 4.134E-01 3.626E-01 
9.985E-01 9.985E-01 9.984E-01 9.983E-01 9.982E-01 9.980E-01 9.977E-01 9.974E-01 9.970E-01 9.965E-01 9.959E-01 9.951E-01 9.943E-01 9.933E-01 9.921E-01 9.907E-01 9.891E-01 9.872E-01 9.850E-01 9.825E-01 9.796E-01 9.762E-01 9.723E-01 9.678E-01 9.628E-01 9.570E-01 9.505E-01 9.432E-01 9.351E-01 9.260E-01 9.160E-01 9.049E-01 8.927E-01 8.795E-01 8.649E-01 8.490E-01 8.317E-01 8.124E-01 7.911E-01 7.669E-01 7.398E-01 7.083E-01 6.724E-01 6.315E-01 5.857E-01 5.364E-01 4.832E-01 4.298E-01 3.776E-01 3.281E-01 
9.982E-01 9.982E-01 9.982E-01 9.980E-01 9.979E-01 9.976E-01 9.973E-01 9.969E-01 9.965E-01 9.959E-01 9.952E-01 9.944E-01 9.934E-01 9.922E-01 9.909E-01 9.893E-01 9.875E-01 9.853E-01 9.829E-01 9.800E-01 9.767E-01 9.729E-01 9.686E-01 9.637E-01 9.581E-01 9.518E-01 9.447E-01 9.368E-01 9.281E-01 9.184E-01 9.077E-01 8.961E-01 8.834E-01 8.695E-01 8.543E-01 8.378E-01 8.195E-01 7.991E-01 7.762E-01 7.500E-01 7.200E-01 6.856E-01 6.457E-01 6.003E-01 5.508E-01 4.988E-01 4.445E-01 3.915E-01 3.415E-01 2.939E-01 
9.979E-01 9.979E-01 9.978E-01 9.977E-01 9.975E-01 9.972E-01 9.969E-01 9.964E-01 9.959E-01 9.952E-01 9.944E-01 9.934E-01 9.923E-01 9.910E-01 9.894E-01 9.876E-01 9.855E-01 9.831E-01 9.803E-01 9.771E-01 9.734E-01 9.691E-01 9.643E-01 9.588E-01 9.527E-01 9.458E-01 9.381E-01 9.295E-01 9.201E-01 9.098E-01 8.985E-01 8.862E-01 8.728E-01 8.582E-01 8.422E-01 8.247E-01 8.051E-01 7.832E-01 7.581E-01 7.289E-01 6.952E-01 6.562E-01 6.120E-01 5.631E-01 5.109E-01 4.571E-01 4.038E-01 3.525E-01 3.046E-01 2.609E-01 
9.975E-01 9.975E-01 9.975E-01 9.973E-01 9.971E-01 9.967E-01 9.963E-01 9.958E-01 9.951E-01 9.944E-01 9.934E-01 9.923E-01 9.910E-01 9.895E-01 9.877E-01 9.857E-01 9.833E-01 9.805E-01 9.773E-01 9.737E-01 9.695E-01 9.647E-01 9.594E-01 9.533E-01 9.465E-01 9.390E-01 9.306E-01 9.214E-01 9.113E-01 9.002E-01 8.882E-01 8.752E-01 8.610E-01 8.456E-01 8.286E-01 8.096E-01 7.883E-01 7.639E-01 7.356E-01 7.027E-01 6.646E-01 6.215E-01 5.728E-01 5.216E-01 4.677E-01 4.144E-01 3.635E-01 3.144E-01 2.700E-01 2.301E-01 
9.971E-01 9.971E-01 9.970E-01 9.968E-01 9.965E-01 9.961E-01 9.956E-01 9.950E-01 9.943E-01 9.934E-01 9.923E-01 9.910E-01 9.895E-01 9.878E-01 9.858E-01 9.834E-01 9.806E-01 9.775E-01 9.739E-01 9.697E-01 9.650E-01 9.597E-01 9.537E-01 9.470E-01 9.396E-01 9.313E-01 9.223E-01 9.123E-01 9.015E-01 8.897E-01 8.769E-01 8.630E-01 8.479E-01 8.314E-01 8.129E-01 7.921E-01 7.682E-01 7.406E-01 7.084E-01 6.709E-01 6.281E-01 5.804E-01 5.292E-01 4.762E-01 4.231E-01 3.723E-01 3.238E-01 2.789E-01 2.377E-01 2.024E-01 
9.966E-01 9.965E-01 9.964E-01 9.962E-01 9.959E-01 9.954E-01 9.949E-01 9.942E-01 9.933E-01 9.922E-01 9.910E-01 9.895E-01 9.878E-01 9.858E-01 9.834E-01 9.807E-01 9.776E-01 9.740E-01 9.699E-01 9.652E-01 9.600E-01 9.540E-01 9.474E-01 9.400E-01 9.319E-01 9.229E-01 9.130E-01 9.023E-01 8.907E-01 8.781E-01 8.645E-01 8.497E-01 8.333E-01 8.152E-01 7.948E-01 7.714E-01 7.443E-01 7.128E-01 6.757E-01 6.334E-01 5.863E-01 5.355E-01 4.829E-01 4.302E-01 3.790E-01 3.311E-01 2.855E-01 2.447E-01 2.083E-01 1.762E-01 
9.959E-01 9.959E-01 9.958E-01 9.955E-01 9.951E-01 9.946E-01 9.940E-01 9.931E-01 9.921E-01 9.909E-01 9.894E-01 9.877E-01 9.858E-01 9.834E-01 9.807E-01 9.776E-01 9.741E-01 9.700E-01 9.654E-01 9.601E-01 9.543E-01 9.477E-01 9.403E-01 9.322E-01 9.233E-01 9.136E-01 9.030E-01 8.915E-01 8.790E-01 8.656E-01 8.509E-01 8.348E-01 8.169E-01 7.969E-01 7.738E-01 7.471E-01 7.157E-01 6.792E-01 6.373E-01 5.906E-01 5.403E-01 4.881E-01 4.358E-01 3.849E-01 3.372E-01 2.917E-01 2.508E-01 2.148E-01 1.817E-01 1.534E-01 
9.952E-01 9.951E-01 9.950E-01 9.947E-01 9.943E-01 9.936E-01 9.929E-01 9.919E-01 9.907E-01 9.893E-01 9.876E-01 9.857E-01 9.834E-01 9.807E-01 9.776E-01 9.741E-01 9.700E-01 9.654E-01 9.602E-01 9.544E-01 9.478E-01 9.405E-01 9.325E-01 9.236E-01 9.139E-01 9.034E-01 8.920E-01 8.797E-01 8.663E-01 8.518E-01 8.358E-01 8.182E-01 7.982E-01 7.755E-01 7.489E-01 7.181E-01 6.818E-01 6.405E-01 5.939E-01 5.440E-01 4.921E-01 4.401E-01 3.895E-01 3.414E-01 2.968E-01 2.566E-01 2.193E-01 1.872E-01 1.581E-01 1.333E-01 
9.943E-01 9.942E-01 9.941E-01 9.937E-01 9.932E-01 9.925E-01 9.916E-01 9.905E-01 9.891E-01 9.875E-01 9.855E-01 9.833E-01 9.806E-01 9.776E-01 9.741E-01 9.700E-01 9.655E-01 9.603E-01 9.545E-01 9.479E-01 9.407E-01 9.326E-01 9.238E-01 9.142E-01 9.037E-01 8.924E-01 8.801E-01 8.668E-01 8.524E-01 8.366E-01 8.190E-01 7.993E-01 7.766E-01 7.504E-01 7.195E-01 6.838E-01 6.424E-01 5.963E-01 5.467E-01 4.955E-01 4.434E-01 3.936E-01 3.453E-01 3.008E-01 2.602E-01 2.241E-01 1.910E-01 1.623E-01 1.374E-01 1.157E-01 
9.932E-01 9.932E-01 9.930E-01 9.926E-01 9.920E-01 9.912E-01 9.901E-01 9.888E-01 9.872E-01 9.853E-01 9.831E-01 9.805E-01 9.775E-01 9.740E-01 9.700E-01 9.654E-01 9.603E-01 9.545E-01 9.480E-01 9.407E-01 9.327E-01 9.240E-01 9.144E-01 9.039E-01 8.926E-01 8.804E-01 8.672E-01 8.528E-01 8.371E-01 8.196E-01 8.000E-01 7.775E-01 7.514E-01 7.207E-01 6.850E-01 6.439E-01 5.984E-01 5.490E-01 4.973E-01 4.458E-01 3.957E-01 3.482E-01 3.046E-01 2.636E-01 2.271E-01 1.946E-01 1.662E-01 1.409E-01 1.191E-01 1.000E-01 
9.919E-01 9.919E-01 9.917E-01 9.912E-01 9.905E-01 9.896E-01 9.884E-01 9.869E-01 9.850E-01 9.829E-01 9.803E-01 9.773E-01 9.739E-01 9.699E-01 9.654E-01 9.602E-01 9.545E-01 9.480E-01 9.408E-01 9.328E-01 9.240E-01 9.145E-01 9.040E-01 8.928E-01 8.806E-01 8.674E-01 8.531E-01 8.374E-01 8.201E-01 8.005E-01 7.781E-01 7.520E-01 7.215E-01 6.859E-01 6.450E-01 5.993E-01 5.501E-01 4.989E-01 4.476E-01 3.978E-01 3.504E-01 3.064E-01 2.662E-01 2.299E-01 1.976E-01 1.689E-01 1.438E-01 1.220E-01 1.028E-01 8.712E-02 
9.904E-01 9.904E-01 9.902E-01 9.896E-01 9.888E-01 9.877E-01 9.863E-01 9.846E-01 9.825E-01 9.800E-01 9.771E-01 9.737E-01 9.697E-01 9.652E-01 9.601E-01 9.544E-01 9.479E-01 9.407E-01 9.328E-01 9.241E-01 9.145E-01 9.041E-01 8.929E-01 8.807E-01 8.676E-01 8.533E-01 8.377E-01 8.204E-01 8.008E-01 7.786E-01 7.525E-01 7.221E-01 6.866E-01 6.458E-01 6.003E-01 5.511E-01 5.006E-01 4.495E-01 3.993E-01 3.527E-01 3.083E-01 2.682E-01 2.321E-01 1.999E-01 1.714E-01 1.464E-01 1.246E-01 1.057E-01 8.879E-02 7.479E-02 
9.887E-01 9.887E-01 9.884E-01 9.878E-01 9.868E-01 9.856E-01 9.840E-01 9.820E-01 9.796E-01 9.767E-01 9.734E-01 9.695E-01 9.650E-01 9.600E-01 9.543E-01 9.478E-01 9.407E-01 9.327E-01 9.240E-01 9.145E-01 9.041E-01 8.929E-01 8.808E-01 8.677E-01 8.534E-01 8.379E-01 8.206E-01 8.011E-01 7.788E-01 7.529E-01 7.225E-01 6.871E-01 6.467E-01 6.009E-01 5.519E-01 5.010E-01 4.500E-01 4.004E-01 3.533E-01 3.097E-01 2.703E-01 2.338E-01 2.017E-01 1.733E-01 1.484E-01 1.264E-01 1.078E-01 9.157E-02 7.769E-02 6.590E-02 
9.866E-01 9.866E-01 9.863E-01 9.856E-01 9.845E-01 9.831E-01 9.812E-01 9.789E-01 9.762E-01 9.729E-01 9.691E-01 9.647E-01 9.597E-01 9.540E-01 9.477E-01 9.405E-01 9.326E-01 9.240E-01 9.145E-01 9.041E-01 8.929E-01 8.808E-01 8.677E-01 8.535E-01 8.379E-01 8.207E-01 8.013E-01 7.790E-01 7.531E-01 7.228E-01 6.875E-01 6.468E-01 6.017E-01 5.524E-01 5.016E-01 4.507E-01 4.012E-01 3.548E-01 3.107E-01 2.714E-01 2.350E-01 2.034E-01 1.748E-01 1.500E-01 1.280E-01 1.095E-01 9.333E-02 7.942E-02 6.756E-02 5.753E-02 
9.842E-01 9.842E-01 9.838E-01 9.830E-01 9.818E-01 9.802E-01 9.780E-01 9.754E-01 9.723E-01 9.686E-01 9.643E-01 9.594E-01 9.537E-01 9.474E-01 9.403E-01 9.325E-01 9.238E-01 9.144E-01 9.040E-01 8.929E-01 8.808E-01 8.677E-01 8.535E-01 8.380E-01 8.208E-01 8.014E-01 7.791E-01 7.533E-01 7.230E-01 6.879E-01 6.473E-01 6.020E-01 5.532E-01 5.020E-01 4.512E-01 4.017E-01 3.549E-01 3.114E-01 2.717E-01 2.360E-01 2.041E-01 1.761E-01 1.512E-01 1.297E-01 1.109E-01 9.477E-02 8.088E-02 6.776E-02 5.749E-02 5.040E-02 
9.814E-01 9.814E-01 9.810E-01 9.801E-01 9.787E-01 9.768E-01 9.744E-01 9.714E-01 9.678E-01 9.637E-01 9.588E-01 9.533E-01 9.470E-01 9.400E-01 9.322E-01 9.236E-01 9.142E-01 9.039E-01 8.928E-01 8.807E-01 8.677E-01 8.535E-01 8.380E-01 8.208E-01 8.014E-01 7.792E-01 7.534E-01 7.231E-01 6.878E-01 6.475E-01 6.022E-01 5.531E-01 5.023E-01 4.520E-01 4.027E-01 3.554E-01 3.120E-01 2.723E-01 2.367E-01 2.049E-01 1.768E-01 1.522E-01 1.307E-01 1.120E-01 9.592E-02 8.207E-02 7.021E-02 6.011E-02 5.155E-02 4.259E-02 
9.781E-01 9.781E-01 9.776E-01 9.766E-01 9.750E-01 9.729E-01 9.701E-01 9.668E-01 9.628E-01 9.581E-01 9.527E-01 9.465E-01 9.396E-01 9.319E-01 9.233E-01 9.139E-01 9.037E-01 8.926E-01 8.806E-01 8.676E-01 8.534E-01 8.380E-01 8.208E-01 8.014E-01 7.792E-01 7.534E-01 7.232E-01 6.881E-01 6.474E-01 6.021E-01 5.532E-01 5.030E-01 4.518E-01 4.024E-01 3.557E-01 3.129E-01 2.728E-01 2.372E-01 2.054E-01 1.774E-01 1.529E-01 1.312E-01 1.129E-01 9.599E-02 8.303E-02 7.120E-02 5.964E-02 5.254E-02 4.528E-02 3.919E-02 
9.742E-01 9.743E-01 9.738E-01 9.726E-01 9.708E-01 9.684E-01 9.653E-01 9.615E-01 9.570E-01 9.518E-01 9.458E-01 9.390E-01 9.313E-01 9.229E-01 9.136E-01 9.034E-01 8.924E-01 8.804E-01 8.674E-01 8.533E-01 8.379E-01 8.207E-01 8.014E-01 7.792E-01 7.534E-01 7.234E-01 6.882E-01 6.474E-01 6.022E-01 5.533E-01 5.031E-01 4.524E-01 4.032E-01 3.560E-01 3.132E-01 2.731E-01 2.375E-01 2.059E-01 1.779E-01 1.534E-01 1.317E-01 1.135E-01 9.753E-02 8.378E-02 7.199E-02 6.044E-02 5.336E-02 4.610E-02 3.806E-02 3.483E-02 
9.697E-01 9.698E-01 9.693E-01 9.680E-01 9.660E-01 9.632E-01 9.598E-01 9.556E-01 9.505E-01 9.447E-01 9.381E-01 9.306E-01 9.223E-01 9.130E-01 9.030E-01 8.920E-01 8.801E-01 8.672E-01 8.531E-01 8.377E-01 8.206E-01 8.013E-01 7.791E-01 7.534E-01 7.232E-01 6.880E-01 6.477E-01 6.022E-01 5.538E-01 5.028E-01 4.521E-01 4.028E-01 3.561E-01 3.128E-01 2.733E-01 2.378E-01 2.062E-01 1.782E-01 1.537E-01 1.325E-01 1.140E-01 9.806E-02 8.435E-02 7.261E-02 6.258E-02 5.404E-02 4.678E-02 4.065E-02 3.548E-02 3.114E-02 
9.644E-01 9.646E-01 9.640E-01 9.626E-01 9.604E-01 9.574E-01 9.535E-01 9.488E-01 9.432E-01 9.368E-01 9.295E-01 9.214E-01 9.123E-01 9.023E-01 8.915E-01 8.797E-01 8.668E-01 8.528E-01 8.374E-01 8.204E-01 8.011E-01 7.790E-01 7.533E-01 7.232E-01 6.879E-01 6.477E-01 6.022E-01 5.534E-01 5.028E-01 4.521E-01 4.029E-01 3.562E-01 3.129E-01 2.735E-01 2.380E-01 2.064E-01 1.785E-01 1.541E-01 1.324E-01 1.144E-01 9.845E-02 8.479E-02 7.308E-02 6.158E-02 5.457E-02 4.734E-02 4.121E-02 3.604E-02 3.168E-02 2.803E-02 
9.584E-01 9.587E-01 9.580E-01 9.565E-01 9.540E-01 9.506E-01 9.464E-01 9.412E-01 9.351E-01 9.281E-01 9.201E-01 9.113E-01 9.015E-01 8.907E-01 8.790E-01 8.663E-01 8.524E-01 8.371E-01 8.201E-01 8.008E-01 7.788E-01 7.532E-01 7.230E-01 6.880E-01 6.474E-01 6.025E-01 5.534E-01 5.028E-01 4.526E-01 4.029E-01 3.563E-01 3.130E-01 2.736E-01 2.381E-01 2.065E-01 1.788E-01 1.543E-01 1.330E-01 1.146E-01 9.795E-02 8.408E-02 7.344E-02 6.348E-02 5.499E-02 4.778E-02 4.167E-02 3.650E-02 3.000E-02 2.848E-02 2.541E-02 
9.514E-01 9.517E-01 9.511E-01 9.494E-01 9.467E-01 9.430E-01 9.383E-01 9.327E-01 9.260E-01 9.184E-01 9.098E-01 9.002E-01 8.897E-01 8.782E-01 8.656E-01 8.518E-01 8.366E-01 8.196E-01 8.005E-01 7.785E-01 7.530E-01 7.228E-01 6.879E-01 6.473E-01 6.021E-01 5.534E-01 5.028E-01 4.521E-01 4.034E-01 3.568E-01 3.131E-01 2.736E-01 2.382E-01 2.066E-01 1.788E-01 1.544E-01 1.332E-01 1.143E-01 9.895E-02 8.535E-02 7.370E-02 6.377E-02 5.531E-02 4.812E-02 4.203E-02 3.687E-02 3.038E-02 2.885E-02 2.577E-02 2.086E-02 
9.433E-01 9.438E-01 9.431E-01 9.413E-01 9.384E-01 9.344E-01 9.293E-01 9.232E-01 9.160E-01 9.077E-01 8.985E-01 8.882E-01 8.769E-01 8.645E-01 8.509E-01 8.358E-01 8.191E-01 8.000E-01 7.781E-01 7.526E-01 7.225E-01 6.875E-01 6.471E-01 6.019E-01 5.532E-01 5.027E-01 4.521E-01 4.029E-01 3.563E-01 3.131E-01 2.737E-01 2.382E-01 2.067E-01 1.788E-01 1.545E-01 1.333E-01 1.143E-01 9.910E-02 8.552E-02 7.257E-02 6.398E-02 5.391E-02 4.838E-02 4.231E-02 3.510E-02 3.283E-02 2.916E-02 2.608E-02 2.350E-02 2.134E-02 
9.341E-01 9.347E-01 9.341E-01 9.322E-01 9.290E-01 9.247E-01 9.192E-01 9.126E-01 9.049E-01 8.961E-01 8.862E-01 8.752E-01 8.631E-01 8.497E-01 8.348E-01 8.182E-01 7.993E-01 7.775E-01 7.520E-01 7.223E-01 6.873E-01 6.471E-01 6.020E-01 5.531E-01 5.026E-01 4.520E-01 4.028E-01 3.562E-01 3.130E-01 2.736E-01 2.382E-01 2.070E-01 1.789E-01 1.545E-01 1.333E-01 1.150E-01 9.920E-02 8.564E-02 7.403E-02 6.414E-02 5.572E-02 4.674E-02 4.252E-02 3.740E-02 3.093E-02 2.942E-02 2.634E-02 2.140E-02 1.919E-02 1.978E-02 
9.235E-01 9.243E-01 9.237E-01 9.218E-01 9.185E-01 9.139E-01 9.080E-01 9.010E-01 8.927E-01 8.833E-01 8.728E-01 8.610E-01 8.479E-01 8.333E-01 8.169E-01 7.983E-01 7.766E-01 7.513E-01 7.215E-01 6.866E-01 6.467E-01 6.014E-01 5.528E-01 5.028E-01 4.518E-01 4.027E-01 3.567E-01 3.130E-01 2.741E-01 2.382E-01 2.067E-01 1.789E-01 1.545E-01 1.334E-01 1.151E-01 9.926E-02 8.571E-02 7.413E-02 6.425E-02 5.585E-02 4.872E-02 4.268E-02 3.757E-02 3.326E-02 2.737E-02 2.654E-02 2.396E-02 2.179E-02 1.998E-02 1.847E-02 
9.115E-01 9.126E-01 9.121E-01 9.101E-01 9.066E-01 9.018E-01 8.956E-01 8.882E-01 8.795E-01 8.695E-01 8.582E-01 8.456E-01 8.313E-01 8.152E-01 7.968E-01 7.754E-01 7.503E-01 7.207E-01 6.859E-01 6.458E-01 6.009E-01 5.528E-01 5.020E-01 4.520E-01 4.025E-01 3.560E-01 3.128E-01 2.735E-01 2.381E-01 2.066E-01 1.790E-01 1.545E-01 1.334E-01 1.151E-01 9.842E-02 8.576E-02 7.418E-02 6.280E-02 5.429E-02 4.698E-02 4.279E-02 3.770E-02 3.125E-02 2.752E-02 2.671E-02 2.413E-02 2.197E-02 2.015E-02 1.863E-02 1.736E-02 
8.979E-01 8.993E-01 8.989E-01 8.970E-01 8.934E-01 8.884E-01 8.820E-01 8.741E-01 8.649E-01 8.543E-01 8.423E-01 8.285E-01 8.129E-01 7.948E-01 7.738E-01 7.490E-01 7.196E-01 6.852E-01 6.450E-01 6.006E-01 5.519E-01 5.020E-01 4.512E-01 4.022E-01 3.557E-01 3.126E-01 2.733E-01 2.380E-01 2.065E-01 1.789E-01 1.545E-01 1.333E-01 1.144E-01 9.929E-02 8.577E-02 7.421E-02 6.436E-02 5.429E-02 4.888E-02 4.287E-02 3.779E-02 3.350E-02 2.988E-02 2.683E-02 2.426E-02 2.210E-02 2.029E-02 1.629E-02 1.750E-02 1.644E-02 
8.827E-01 8.843E-01 8.842E-01 8.823E-01 8.788E-01 8.736E-01 8.670E-01 8.588E-01 8.491E-01 8.377E-01 8.247E-01 8.096E-01 7.921E-01 7.714E-01 7.470E-01 7.179E-01 6.836E-01 6.442E-01 5.997E-01 5.511E-01 5.010E-01 4.507E-01 4.018E-01 3.554E-01 3.129E-01 2.731E-01 2.378E-01 2.064E-01 1.787E-01 1.544E-01 1.333E-01 1.150E-01 9.926E-02 8.576E-02 7.295E-02 6.437E-02 5.601E-02 4.892E-02 4.292E-02 3.785E-02 3.142E-02 2.996E-02 2.692E-02 2.436E-02 1.981E-02 1.795E-02 1.888E-02 1.511E-02 1.655E-02 1.312E-02 
8.656E-01 8.677E-01 8.678E-01 8.661E-01 8.625E-01 8.574E-01 8.505E-01 8.419E-01 8.316E-01 8.195E-01 8.052E-01 7.883E-01 7.683E-01 7.443E-01 7.158E-01 6.818E-01 6.424E-01 5.981E-01 5.501E-01 5.006E-01 4.500E-01 4.012E-01 3.549E-01 3.120E-01 2.728E-01 2.375E-01 2.062E-01 1.785E-01 1.543E-01 1.332E-01 1.149E-01 9.920E-02 8.572E-02 7.419E-02 6.284E-02 5.601E-02 4.893E-02 4.294E-02 3.788E-02 3.361E-02 3.001E-02 2.698E-02 2.443E-02 1.988E-02 1.803E-02 1.897E-02 1.770E-02 1.664E-02 1.575E-02 1.501E-02 
8.467E-01 8.491E-01 8.496E-01 8.481E-01 8.447E-01 8.395E-01 8.324E-01 8.234E-01 8.124E-01 7.992E-01 7.832E-01 7.639E-01 7.407E-01 7.126E-01 6.792E-01 6.403E-01 5.964E-01 5.490E-01 4.990E-01 4.495E-01 4.004E-01 3.548E-01 3.120E-01 2.729E-01 2.372E-01 2.059E-01 1.784E-01 1.541E-01 1.330E-01 1.148E-01 9.911E-02 8.564E-02 7.280E-02 6.432E-02 5.599E-02 4.892E-02 4.097E-02 3.789E-02 3.363E-02 3.004E-02 2.702E-02 2.448E-02 1.994E-02 2.055E-02 1.904E-02 1.777E-02 1.671E-02 1.582E-02 1.508E-02 1.447E-02 
8.258E-01 8.287E-01 8.296E-01 8.283E-01 8.251E-01 8.199E-01 8.126E-01 8.030E-01 7.910E-01 7.762E-01 7.580E-01 7.357E-01 7.085E-01 6.759E-01 6.376E-01 5.940E-01 5.467E-01 4.978E-01 4.477E-01 3.993E-01 3.534E-01 3.107E-01 2.718E-01 2.367E-01 2.055E-01 1.779E-01 1.538E-01 1.328E-01 1.146E-01 9.896E-02 8.552E-02 7.404E-02 6.425E-02 5.594E-02 4.889E-02 4.099E-02 3.788E-02 3.363E-02 3.005E-02 2.704E-02 2.451E-02 2.238E-02 2.059E-02 1.909E-02 1.783E-02 1.677E-02 1.588E-02 1.514E-02 1.452E-02 1.143E-02 
8.030E-01 8.064E-01 8.076E-01 8.067E-01 8.037E-01 7.984E-01 7.906E-01 7.804E-01 7.671E-01 7.501E-01 7.290E-01 7.029E-01 6.711E-01 6.335E-01 5.910E-01 5.441E-01 4.952E-01 4.459E-01 3.979E-01 3.522E-01 3.097E-01 2.710E-01 2.360E-01 2.049E-01 1.775E-01 1.534E-01 1.325E-01 1.144E-01 9.875E-02 8.536E-02 7.390E-02 6.414E-02 5.585E-02 4.882E-02 4.287E-02 3.785E-02 3.144E-02 2.782E-02 2.472E-02 2.452E-02 2.239E-02 2.061E-02 1.912E-02 1.536E-02 1.681E-02 1.593E-02 1.519E-02 1.457E-02 1.406E-02 1.363E-02 
7.782E-01 7.821E-01 7.838E-01 7.832E-01 7.802E-01 7.747E-01 7.664E-01 7.549E-01 7.398E-01 7.202E-01 6.954E-01 6.648E-01 6.283E-01 5.865E-01 5.408E-01 4.923E-01 4.440E-01 3.964E-01 3.506E-01 3.084E-01 2.698E-01 2.355E-01 2.042E-01 1.768E-01 1.529E-01 1.318E-01 1.134E-01 9.759E-02 8.408E-02 7.371E-02 6.399E-02 5.573E-02 4.872E-02 4.280E-02 3.779E-02 3.357E-02 3.001E-02 2.702E-02 2.451E-02 2.239E-02 1.817E-02 1.665E-02 1.537E-02 1.684E-02 1.596E-02 1.522E-02 1.461E-02 1.409E-02 1.366E-02 1.331E-02 
7.515E-01 7.559E-01 7.580E-01 7.576E-01 7.545E-01 7.487E-01 7.395E-01 7.263E-01 7.086E-01 6.855E-01 6.565E-01 6.214E-01 5.809E-01 5.361E-01 4.884E-01 4.407E-01 3.937E-01 3.484E-01 3.071E-01 2.684E-01 2.339E-01 2.034E-01 1.760E-01 1.522E-01 1.311E-01 1.136E-01 9.808E-02 8.480E-02 7.345E-02 6.378E-02 5.386E-02 4.858E-02 4.268E-02 3.770E-02 3.350E-02 2.996E-02 2.698E-02 2.448E-02 2.238E-02 2.061E-02 1.913E-02 1.789E-02 1.685E-02 1.598E-02 1.269E-02 1.463E-02 1.154E-02 1.111E-02 1.334E-02 1.044E-02 
7.230E-01 7.278E-01 7.302E-01 7.297E-01 7.264E-01 7.199E-01 7.092E-01 6.938E-01 6.728E-01 6.458E-01 6.125E-01 5.734E-01 5.296E-01 4.833E-01 4.365E-01 3.898E-01 3.455E-01 3.042E-01 2.669E-01 2.323E-01 2.018E-01 1.749E-01 1.513E-01 1.307E-01 1.129E-01 9.756E-02 8.438E-02 7.310E-02 6.349E-02 5.532E-02 4.839E-02 4.059E-02 3.757E-02 3.122E-02 2.988E-02 2.692E-02 2.443E-02 2.234E-02 2.059E-02 1.912E-02 1.788E-02 1.685E-02 1.598E-02 1.526E-02 1.465E-02 1.414E-02 1.371E-02 1.076E-02 1.306E-02 1.021E-02 
6.929E-01 6.979E-01 7.004E-01 6.999E-01 6.959E-01 6.880E-01 6.752E-01 6.568E-01 6.320E-01 6.009E-01 5.638E-01 5.217E-01 4.767E-01 4.307E-01 3.853E-01 3.418E-01 3.016E-01 2.639E-01 2.302E-01 2.004E-01 1.735E-01 1.501E-01 1.297E-01 1.121E-01 9.688E-02 8.382E-02 7.264E-02 6.311E-02 5.500E-02 4.813E-02 4.232E-02 3.740E-02 3.326E-02 2.977E-02 2.683E-02 2.436E-02 2.229E-02 2.055E-02 1.661E-02 1.786E-02 1.684E-02 1.598E-02 1.526E-02 1.465E-02 1.415E-02 1.373E-02 1.078E-02 1.308E-02 1.283E-02 1.263E-02 
6.611E-01 6.663E-01 6.686E-01 6.673E-01 6.624E-01 6.523E-01 6.370E-01 6.151E-01 5.864E-01 5.516E-01 5.117E-01 4.684E-01 4.238E-01 3.800E-01 3.375E-01 2.973E-01 2.607E-01 2.275E-01 1.978E-01 1.717E-01 1.486E-01 1.285E-01 1.110E-01 9.511E-02 8.309E-02 7.203E-02 6.261E-02 5.459E-02 4.779E-02 4.204E-02 3.718E-02 3.307E-02 2.962E-02 2.671E-02 2.426E-02 2.221E-02 1.803E-02 1.904E-02 1.783E-02 1.681E-02 1.596E-02 1.525E-02 1.208E-02 1.415E-02 1.114E-02 1.079E-02 1.309E-02 1.285E-02 1.264E-02 1.247E-02 
6.279E-01 6.330E-01 6.346E-01 6.324E-01 6.258E-01 6.134E-01 5.946E-01 5.688E-01 5.369E-01 4.994E-01 4.582E-01 4.154E-01 3.726E-01 3.313E-01 2.928E-01 2.566E-01 2.241E-01 1.951E-01 1.693E-01 1.466E-01 1.269E-01 1.097E-01 9.488E-02 8.216E-02 7.126E-02 6.197E-02 5.407E-02 4.736E-02 4.168E-02 3.688E-02 3.283E-02 2.942E-02 2.655E-02 2.413E-02 2.210E-02 2.040E-02 1.897E-02 1.777E-02 1.677E-02 1.593E-02 1.522E-02 1.463E-02 1.414E-02 1.373E-02 1.338E-02 1.309E-02 1.285E-02 1.004E-02 1.248E-02 1.234E-02 
5.934E-01 5.981E-01 5.988E-01 5.952E-01 5.861E-01 5.706E-01 5.483E-01 5.193E-01 4.846E-01 4.460E-01 4.052E-01 3.642E-01 3.245E-01 2.866E-01 2.517E-01 2.201E-01 1.916E-01 1.664E-01 1.442E-01 1.249E-01 1.074E-01 9.349E-02 7.987E-02 6.903E-02 6.118E-02 5.341E-02 4.682E-02 4.123E-02 3.651E-02 3.253E-02 2.917E-02 2.634E-02 2.397E-02 2.197E-02 1.785E-02 1.888E-02 1.770E-02 1.671E-02 1.588E-02 1.519E-02 1.461E-02 1.412E-02 1.371E-02 1.078E-02 1.309E-02 1.285E-02 1.265E-02 1.249E-02 1.235E-02 1.223E-02 
5.575E-01 5.616E-01 5.612E-01 5.553E-01 5.433E-01 5.247E-01 4.992E-01 4.676E-01 4.317E-01 3.933E-01 3.543E-01 3.162E-01 2.797E-01 2.460E-01 2.153E-01 1.877E-01 1.630E-01 1.414E-01 1.225E-01 1.060E-01 9.182E-02 7.853E-02 6.914E-02 5.867E-02 5.260E-02 4.615E-02 4.068E-02 3.606E-02 3.002E-02 2.886E-02 2.609E-02 2.139E-02 2.180E-02 1.772E-02 1.629E-02 1.761E-02 1.664E-02 1.582E-02 1.259E-02 1.457E-02 1.409E-02 1.369E-02 1.076E-02 1.308E-02 1.285E-02 1.004E-02 1.249E-02 1.235E-02 1.224E-02 1.214E-02 
5.206E-01 5.239E-01 5.217E-01 5.134E-01 4.985E-01 4.766E-01 4.486E-01 4.158E-01 3.800E-01 3.432E-01 3.069E-01 2.720E-01 2.395E-01 2.098E-01 1.830E-01 1.591E-01 1.381E-01 1.197E-01 1.037E-01 8.985E-02 7.795E-02 6.776E-02 5.752E-02 5.165E-02 4.535E-02 4.002E-02 3.551E-02 3.171E-02 2.849E-02 2.579E-02 2.351E-02 2.159E-02 1.998E-02 1.863E-02 1.500E-02 1.402E-02 1.575E-02 1.253E-02 1.195E-02 1.148E-02 1.108E-02 1.334E-02 1.046E-02 1.283E-02 1.003E-02 1.248E-02 1.235E-02 1.224E-02 1.214E-02 1.207E-02 
4.826E-01 4.850E-01 4.807E-01 4.698E-01 4.520E-01 4.277E-01 3.983E-01 3.655E-01 3.311E-01 2.967E-01 2.635E-01 2.324E-01 2.038E-01 1.780E-01 1.549E-01 1.341E-01 1.166E-01 1.011E-01 8.665E-02 7.608E-02 6.618E-02 5.626E-02 5.054E-02 4.265E-02 3.926E-02 3.281E-02 3.118E-02 2.806E-02 2.543E-02 2.322E-02 2.135E-02 1.979E-02 1.601E-02 1.486E-02 1.644E-02 1.566E-02 1.501E-02 1.447E-02 1.401E-02 1.363E-02 1.071E-02 1.044E-02 1.282E-02 1.263E-02 1.247E-02 1.234E-02 9.616E-03 9.524E-03 1.207E-02 1.200E-02 
